519188
529334
473537
569143
464176
464737
803611
2051302
563692
481725
975511
2017370
2045761
476350
475279
1861387
1857578
802899
523523
546448
500023
2207349
7870412
961935
1016666
4070245
4344544
4215307
5285039
4673179
524894
1861060
2130037
494806
4047656
5493998
3017680
3007202
2058430
2130135
2110681
1862845
1863250
1852699
1853163
1864427
1861816
1857451
2128894
1014012
1850144
5815135
5391891
7839407
2476412
2479183
2482939
2483761
2487620
2498775
6441676
6438569
6454050
6446231
6452039
6453748
6446218
6457368
6425695
6438526
6446342
6446340
6438498
6451981
6427088
6455342
6441760
6454369
1859472
4056099
4151245
4155535
4158449
4174301
4196508
4191014
4255818
4310411
4287837
4347820
3385122
3386567
3387266
3447473
2491335
2492345
2498752
360542
361495
362882
1848382
1849154
1851357
1851390
964078
939702
944024
988429
996409
1002108
2508813
2151649
2171000
2154855
2166584
6943577
2065337
2176264
973709
3363094
984998
1004962
996195
980595
961152
976764
972803
7302683
2171085
3469034
7839424
2177022
2058645
2063213
2065724
7839789
2147795
7839730
3451220
3455077
3453535
3471324
3456005
3448433
6322112
3452805
3472492
6316808
3455976
3463504
3462672
3461936
3466255
2508807
2507678
2496045
2496049
2493330
2507480
2491195
2483757
7697719
1732740
7612483
1782807
1770876
1751525
6807148
1734949
1762251
2485801
2487452
350789
355795
356933
356945
356989
358095
358108
358115
358172
358269
358274
358970
359173
359280
359576
359710
359797
1222396
1732811
1733449
1734815
1735148
1735227
1735268
1735799
1737185
1737714
1741562
